[0, 0, 0]
37 0 122 82 179888
36 82 121 164 179888
34 164 120 246 179888
33 246 118 328 179888
32 328 117 410 179888
31 411 116 493 179888
30 493 114 575 179888
28 575 113 657 179888

[1, 0, 0]
122 0 207 82 179888
121 82 206 164 179888
120 164 205 246 179888
118 246 203 328 179888
117 329 202 411 179888
116 411 201 493 179888
115 493 200 575 179888
113 575 198 657 179888

[2, 0, 0]
207 0 292 82 179888
206 82 291 164 179888
205 164 290 246 179888
204 247 289 329 179888
202 329 287 411 179888
201 411 286 493 179888
200 493 285 575 179888
199 575 284 657 179888

[3, 0, 0]
292 0 378 82 179888
291 82 376 164 179888
290 164 375 246 179888
289 247 374 329 179888
288 329 372 411 179888
286 411 371 493 179888
285 493 370 575 179888
284 575 369 657 179888

[4, 0, 0]
378 0 463 82 179888
376 82 461 164 179888
375 165 460 247 179888
374 247 459 329 179888
373 329 458 411 179888
371 411 456 493 179888
370 493 455 575 179888
369 575 454 657 179888

[5, 0, 0]
463 0 548 82 179888
462 83 547 165 179888
460 165 545 247 179888
459 247 544 329 179888
458 329 543 411 179888
457 411 542 493 179888
455 493 540 575 179888
454 575 539 657 179888

[6, 0, 0]
548 0 633 82 179888
547 83 632 165 179888
546 165 630 247 179888
544 247 629 329 179888
543 329 628 411 179888
542 411 627 493 179888
540 493 626 575 179888
539 575 624 657 179888

[7, 0, 0]
633 1 718 83 179888
632 83 717 165 179888
631 165 716 247 179888
629 247 714 329 179888
628 329 713 411 179888
627 411 712 493 179888
626 493 711 575 179888
624 575 709 657 179888

[8, 0, 0]
718 1 803 83 179888
717 83 802 165 179888
716 165 801 247 179888
715 247 800 329 179888
713 329 798 411 179888
712 411 797 493 179888
711 493 796 575 179888
710 576 795 658 179888

[9, 0, 0]
804 1 888 83 179888
802 83 887 165 179888
801 165 886 247 179888
800 247 885 329 179888
798 329 884 411 179888
797 411 882 493 179888
796 494 881 576 179888
795 576 880 658 179888

[10, 0, 0]
889 1 974 83 179888
887 83 972 165 179888
886 165 971 247 179888
885 247 970 329 179888
884 329 969 411 179888
882 411 967 493 179888
881 494 966 576 179888
880 576 965 658 179888

[11, 0, 0]
974 1 1059 83 179888
973 83 1058 165 179888
971 165 1056 247 179888
970 247 1055 329 179888
969 329 1054 411 179888
968 412 1053 494 179888
966 494 1051 576 179888
965 576 1050 658 179888

